{
 "cells": [
  {
   "cell_type": "code",
   "execution_count": 1,
   "metadata": {
    "collapsed": true
   },
   "outputs": [],
   "source": [
    "import sys\n",
    "if sys.version_info < (3,5):\n",
    "    raise Exception('Please use Python version 3.5 or greater.')\n",
    "    \n",
    "# useful additional packages \n",
    "import matplotlib.pyplot as plt\n",
    "import matplotlib.axes as axes\n",
    "%matplotlib inline\n",
    "import numpy as np\n",
    "from scipy import linalg as la\n",
    "from itertools import permutations\n",
    "from functools import partial\n",
    "import networkx as nx\n",
    "\n",
    "# importing the QISKit\n",
    "from qiskit import QuantumCircuit, QuantumProgram\n",
    "#import Qconfig\n",
    "\n",
    "# import basic plot tools\n",
    "from qiskit.tools.visualization import plot_histogram\n",
    "\n",
    "# import optimization tools\n",
    "from qiskit.tools.apps.optimization import trial_circuit_ry, SPSA_optimization, SPSA_calibration\n",
    "from qiskit.tools.apps.optimization import Energy_Estimate, make_Hamiltonian, eval_hamiltonian, group_paulis\n",
    "from qiskit.tools.qi.pauli import Pauli"
   ]
  },
  {
   "cell_type": "code",
   "execution_count": 8,
   "metadata": {},
   "outputs": [
    {
     "data": {
      "text/plain": [
       "[<matplotlib.lines.Line2D at 0x151c5b4c88>]"
      ]
     },
     "execution_count": 8,
     "metadata": {},
     "output_type": "execute_result"
    },
    {
     "data": {
      "image/png": "iVBORw0KGgoAAAANSUhEUgAAAYAAAAD8CAYAAAB+UHOxAAAABHNCSVQICAgIfAhkiAAAAAlwSFlz\nAAALEgAACxIB0t1+/AAAADl0RVh0U29mdHdhcmUAbWF0cGxvdGxpYiB2ZXJzaW9uIDIuMS4wLCBo\ndHRwOi8vbWF0cGxvdGxpYi5vcmcvpW3flQAAEepJREFUeJzt3W2MXNV9x/Hfb3nUplECeHnGuxDc\nBzdtSTqyQnlDCkSGF3YgIEE3ClSgEVVRX/SVpZUSCclq8ipVGpR0QxFEWQEpEmUj3Do8BLlRRMK4\nMg/GcdlYXlithTcQUUVLoY7/fTHXMF5mZmfn3r3zcL4faTRz7xzPOXdmPb859557riNCAID0jPS6\nAQCA3iAAACBRBAAAJIoAAIBEEQAAkCgCAAASRQAAQKIIAABIFAEAAIk6tdcNaGfDhg0xMTHR62YA\nwMDYu3fvryNirJOyfR0AExMTqtVqvW4GAAwM2/OdlmUXEAAkigAAgEQRAACQKAIAABJFAABAoggA\nYBjMzEgTE9LISP1+ZqbXLcIA6OthoAA6MDMjVavS8nJ9eX6+vixJk5O9axf6Hj0AYNBNTX345X/C\n8nJ9PdAGAQAMutdfX9t6IEMAAINu48a1rQcyBAAw6HbulEZHT143OlpfD7RBAACDbnJSmp6Wxscl\nu34/Pc0BYKyKUUDAMJic5Asfa0YPAAASRQAAQKIIAABIFAEAAIkiAAYNc74AKAijgAYJc74AKBA9\ngEHCnC8ACkQADBLmfAFQIAJgkDDnC4ACFRIAth+wfdT2Ky2ev9r2O7b3ZbevFlFvcpjzBUCBiuoB\nPChp6ypl/jMirshu9xZUb1qY8wVAgQoZBRQRe2xPFPFaWAVzvgAoSJnHAK60/aLtf7f9x60K2a7a\nrtmuLS0tldg8AEhLWQHwX5LGI+LPJP2TpH9rVTAipiOiEhGVsbGxkpoHAOkpJQAi4n8i4rfZ412S\nTrO9oYy6AQDNlRIAts+37ezxlqzet8qoGwDQXCEHgW0/LOlqSRtsL0j6mqTTJCkivivpZkl/Y/uY\npHcl3RoRUUTdAIDuFDUK6LZVnv+2pG8XURcAoBicCQwAiSIAACBRBAAAJIoAAIBEEQAAkCgCAAAS\nRQAAQKIIgGHEheMBdICLwg8bLhwPoEP0AIYNF44H0CECYNhw4XgAHSIAhg0XjgfQIQJg2HDheAAd\nIgCGDReOB9AhRgENIy4cD6AD9AAAIFEEAAAkigAAgEQRAAD6B9OYlIqDwAD6A9OYlK6QHoDtB2wf\ntf1Ki+dt+1u252y/ZPuzRdQLYIgwjUnpitoF9KCkrW2ev17SpuxWlfSdguoFMCyYxqR0hQRAROyR\n9HabItslfT/qnpf0SdsXFFE3gCHBNCalK+sg8EWS3mhYXsjWAUAd05iUrqwAcJN10bSgXbVds11b\nWlpa52YB6BtMY1K6skYBLUi6pGH5YkmLzQpGxLSkaUmqVCpNQwLAkGIak1KV1QOYlfSVbDTQ5yS9\nExFHSqobANBEIT0A2w9LulrSBtsLkr4m6TRJiojvStol6QZJc5KWJf11EfUCALpXSABExG2rPB+S\n/raIugAAxWAqCABIFAEAAIkiAAAgUQQAACSKAACARBEAAJAoAgAAEkUAAECiCAAASBQBAACJIgAA\nIFEEAAAkigAAgEQRAACQKAIAABJFAABAoggAAEgUAQAAiSIAACBRBAAAJIoAAIBEFRIAtrfaPmh7\nzvaOJs/fYXvJ9r7sdlcR9QIAundq3hewfYqk+yRdJ2lB0gu2ZyPi1RVFH42Ie/LWBwAoRhE9gC2S\n5iLiUES8L+kRSdsLeF0AwDoqIgAukvRGw/JCtm6lL9l+yfZjti9p9WK2q7ZrtmtLS0sFNA/oQzMz\n0sSENDJSv5+Z6XWLkKAiAsBN1sWK5R9JmoiIP5X0tKSHWr1YRExHRCUiKmNjYwU0D+gzMzNStSrN\nz0sR9ftqlRBA6YoIgAVJjb/oL5a02FggIt6KiPeyxe9J+vMC6gUG09SUtLx88rrl5fp6oERFBMAL\nkjbZvtT26ZJulTTbWMD2BQ2L2yQdKKDe7tD1Rq+9/vra1gPrJPcooIg4ZvseSbslnSLpgYjYb/te\nSbWImJX0d7a3STom6W1Jd+Sttysnut4nfn2d6HpL0uRkT5qEBG3cWP/ba7YeKJEjVu6u7x+VSiVq\ntVpxLzgx0fw/3vi4dPhwcfUA7az8ISJJo6PS9DQ/RJCb7b0RUemkbFpnAtP1Rj+YnKx/2Y+PS3b9\nni9/9EDuXUADha43+sXkJF/46Lm0egA7d9a72o1GR+vrASAxaQUAXW8A+EBau4Akut4AkEmrBwAA\n+AABAACJIgAAIFEEAAAkigAAgEQRAACQKAIAABJFAABAoggAAEgUAQAAiSIAACBRBAAAJIoAGAZc\n5xhAF9KbDXTYcJ1jAF2iBzDopqZOvrasVF+emupNewAMjEICwPZW2wdtz9ne0eT5M2w/mj3/c9sT\nRdQLcZ1jAF3LHQC2T5F0n6TrJW2WdJvtzSuK3SnpNxFxuaRvSvpG3nqRaXU9Y65zDGAVRfQAtkia\ni4hDEfG+pEckbV9RZrukh7LHj0m6xrYLqPujUjsgynWOAXSpiAC4SNIbDcsL2bqmZSLimKR3JJ1T\nQN0nO3FAdH5eivjwgOgwhwDXOQbQpSICoNkv+eiiTL2gXbVds11bWlpaW0tSPSA6OSkdPiwdP16/\n58sfQAeKCIAFSZc0LF8sabFVGdunSvqEpLebvVhETEdEJSIqY2Nja2sJB0QBoGNFBMALkjbZvtT2\n6ZJulTS7osyspNuzxzdLejYimvYAcuGAKAB0LHcAZPv075G0W9IBST+MiP2277W9LSv2L5LOsT0n\n6e8lfWSoaCE4IAoAHSvkPICI2BURvx8Rn4qIndm6r0bEbPb4fyPiloi4PCK2RMShIur9CA6IAr2T\n2gi8ITB8U0FMTvKFD5SNKUkGElNBAOjeiV/9X/5ymiPwBtzw9QAAlGPlr/5mGIHX1+gBAOhOs/Nu\nVmIEXl8jAAB0Z7Vf94zA63sEAIDutPt1zwi8gUAAAOhOq/NufvADpiQZEAQAgO5w3s3AIwAAdH8S\nFxMRDjSGgQKp4ySuZNEDAFKX6jTqIACA5DGNerIIACB1TKOeLAIASB3TqCeLAABSx3DOZDEKCADT\nqCeKHgAAJIoAAIBEEQAAkCgCAIOLa9ACueQKANtn237K9mvZ/Vktyv3O9r7sNpunTkDSh9MXzM9L\nER9OX0AIrC9Cd6jk7QHskPRMRGyS9Ey23My7EXFFdtuWs06A6Qt6gdAdOo6I7v+xfVDS1RFxxPYF\nkp6LiD9oUu63EfF7a339SqUStVqt6/ZhiI2M1L+EVrLrM1OieBMT9S/9lcbH6zOBoi/Y3hsRlU7K\n5u0BnBcRRyQpuz+3RbkzbddsP2/7iznrBJi+oBeYM2jorBoAtp+2/UqT2/Y11LMxS6S/kvSPtj/V\npr5qFha1paWlNVSBpDB9QfkI3aGzagBExLUR8ekmtyckvZnt+lF2f7TFayxm94ckPSfpM23qm46I\nSkRUxsbGutgkJIHpC8pH6A6dvLuAZiXdnj2+XdITKwvYPsv2GdnjDZKukvRqznoBrkZVNkJ36OQN\ngK9Lus72a5Kuy5Zlu2L7/qzMH0mq2X5R0k8kfT0iCABgEJUVugw3LUWuyeAi4i1J1zRZX5N0V/b4\nZ5L+JE89ABLCJSpLw5nAAPoL53iUhgAA0F8YbloaAgBAf2G4aWkIAAD9heGmpSEAAPQXhpuWhktC\nAug/XKKyFPQAACBRBAAAJIoAAIBEEQAA0C9KngKDg8AA0A96MAUGPQAA6Ac9mAKDAACAftCDKTAI\nAADoBz2YAoMAAIB+0IMpMAgAAOgHPZgCg1FAANAvSp4Cgx4AACSKAACARBEAAJAoAgAAEpUrAGzf\nYnu/7eO2K23KbbV90Pac7R156gQAFCNvD+AVSTdJ2tOqgO1TJN0n6XpJmyXdZntzznoBADnlGgYa\nEQckyXa7YlskzUXEoazsI5K2S3o1T90AgHzKOAZwkaQ3GpYXsnVN2a7artmuLS0trXvjACBVq/YA\nbD8t6fwmT01FxBMd1NGsexCtCkfEtKRpSapUKi3LAQDyWTUAIuLanHUsSLqkYfliSYs5XxMAkFMZ\nu4BekLTJ9qW2T5d0q6TZEuoFALSRdxjojbYXJF0p6Unbu7P1F9reJUkRcUzSPZJ2Szog6YcRsT9f\nswEAeeUdBfS4pMebrF+UdEPD8i5Ju/LUBQAoFmcCA0CiCAAASBQBAACJIgAAIFEEAAAkigAAgEQR\nAACQKAIAABJFAABAoggAAEgUAQAAiSIAACBRBAAAJIoAAIBEEQAAkCgCAAASRQAAQKIIAABIFAEA\nAIkiAAAgUbkCwPYttvfbPm670qbcYdsv295nu5anTgBAMU7N+e9fkXSTpH/uoOznI+LXOesDABQk\nVwBExAFJsl1MawAApSnrGEBI+rHtvbarJdUJAGhj1R6A7aclnd/kqamIeKLDeq6KiEXb50p6yvYv\nI2JPi/qqkqqStHHjxg5fHgCwVqv2ACLi2oj4dJNbp1/+iojF7P6opMclbWlTdjoiKhFRGRsb67QK\noHwzM9LEhDQyUr+fmel1i4A1WfddQLY/ZvvjJx5L+oLqB4+BwTUzI1Wr0vy8FFG/r1YJAQyUvMNA\nb7S9IOlKSU/a3p2tv9D2rqzYeZJ+avtFSb+Q9GRE/EeeeoGem5qSlpdPXre8XF8PDAhHRK/b0FKl\nUolajdMG0IdGRuq//FeypePHy28PkLG9NyJanpfViDOBgW60GqDAwAUMEAIA6MbOndLo6MnrRkfr\n64EBQQAA3ZiclKanpfHx+m6f8fH68uRkr1sGdCzvVBBAuiYn+cLHQKMHAACJIgAAIFEEAAAkigAA\ngEQRAACQqL4+E9j2kqT5da5mg6Rhu1DNMG6TNJzbNYzbJA3ndg3KNo1HREczafZ1AJTBdq3T06YH\nxTBukzSc2zWM2yQN53YN4zaxCwgAEkUAAECiCABputcNWAfDuE3ScG7XMG6TNJzbNXTblPwxAABI\nFT0AAEhUcgFg+xbb+20ft93yiL7tw7Zftr3Pdl9flWYN27TV9kHbc7Z3lNnGbtg+2/ZTtl/L7s9q\nUe532ee0z/Zs2e3sxGrvve0zbD+aPf9z2xPlt3JtOtimO2wvNXw2d/WinWth+wHbR203vWyt676V\nbfNLtj9bdhuLlFwAqH494psk7emg7Ocj4ooBGPq16jbZPkXSfZKul7RZ0m22N5fTvK7tkPRMRGyS\n9Ey23My72ed0RURsK695nenwvb9T0m8i4nJJ35T0jXJbuTZr+Ht6tOGzub/URnbnQUlb2zx/vaRN\n2a0q6TsltGndJBcAEXEgIg72uh1F6nCbtkiai4hDEfG+pEckbV//1uWyXdJD2eOHJH2xh23Jo5P3\nvnFbH5N0jW2X2Ma1GsS/p1VFxB5Jb7cpsl3S96PueUmftH1BOa0rXnIBsAYh6ce299qu9roxBbhI\n0hsNywvZun52XkQckaTs/twW5c60XbP9vO1+DIlO3vsPykTEMUnvSDqnlNZ1p9O/py9lu0oes31J\nOU1bV4P4/6ilobwgjO2nJZ3f5KmpiHiiw5e5KiIWbZ8r6Snbv8x+HfREAdvU7Ndkz4eAtduuNbzM\nxuyzukzSs7ZfjohfFdPCQnTy3vfl59NGJ+39kaSHI+I923er3sP5y3Vv2foatM+praEMgIi4toDX\nWMzuj9p+XPUub88CoIBtWpDU+AvsYkmLOV8zt3bbZftN2xdExJGsm320xWuc+KwO2X5O0mck9VMA\ndPLenyizYPtUSZ9Q+10RvbbqNkXEWw2L31OfH9foUF/+P+oWu4CasP0x2x8/8VjSF1Q/0DrIXpC0\nyfaltk+XdKukvhwx02BW0u3Z49slfaSnY/ss22dkjzdIukrSq6W1sDOdvPeN23qzpGejv0/SWXWb\nVuwb3ybpQIntWy+zkr6SjQb6nKR3TuymHEgRkdRN0o2qp/h7kt6UtDtbf6GkXdnjyyS9mN32q76b\npedtz7NN2fINkv5b9V/Hfb1NWXvPUX30z2vZ/dnZ+oqk+7PHfyHp5eyzelnSnb1ud4tt+ch7L+le\nSduyx2dK+ldJc5J+IemyXre5gG36h+z/z4uSfiLpD3vd5g626WFJRyT9X/Z/6k5Jd0u6O3veqo9+\n+lX291bpdZvz3DgTGAASxS4gAEgUAQAAiSIAACBRBAAAJIoAAIBEEQAAkCgCAAASRQAAQKL+Hzc6\npeSQXOXPAAAAAElFTkSuQmCC\n",
      "text/plain": [
       "<matplotlib.figure.Figure at 0x151c446160>"
      ]
     },
     "metadata": {},
     "output_type": "display_data"
    }
   ],
   "source": [
    "# generate n samples w.r.t bivariate Gaussian\n",
    "n = 16\n",
    "\n",
    "\n",
    "mean = [0.0, 0.0]\n",
    "cov = [[1.0, 0], [0, 1.0]]\n",
    "X = np.random.multivariate_normal(mean, cov, (2, n))\n",
    "X = X[:, :, 0]\n",
    "plt.plot(X[0], X[1],'ro')"
   ]
  },
  {
   "cell_type": "markdown",
   "metadata": {},
   "source": [
    "generate weight matrix, element at [i,j] is the distance from ith vertex to jth vertex"
   ]
  },
  {
   "cell_type": "code",
   "execution_count": 9,
   "metadata": {},
   "outputs": [
    {
     "name": "stdout",
     "output_type": "stream",
     "text": [
      "[[0.         1.27324424 1.69400229 1.27563589 3.32805571 2.56086552\n",
      "  2.32592536 3.29326593 2.15400452 1.80646697 2.33382116 2.32569404\n",
      "  0.35950083 1.5563883  2.80204363 1.52805957]\n",
      " [1.27324424 0.         2.54203063 2.20304356 2.79711273 2.29372675\n",
      "  1.94630052 3.37909796 2.34929485 0.88286116 2.0730919  1.96703465\n",
      "  1.29813501 1.34870071 2.44774045 2.10970343]\n",
      " [1.69400229 2.54203063 0.         0.42294818 2.95004488 2.07361531\n",
      "  2.0942069  2.12269699 1.23634536 2.4842834  1.94370169 2.0671102\n",
      "  1.39924957 1.6620636  2.33800858 0.5798437 ]\n",
      " [1.27563589 2.20304356 0.42294818 0.         3.01266047 2.13304418\n",
      "  2.07976697 2.3967406  1.37848475 2.26147972 1.96605014 2.05869952\n",
      "  0.99669437 1.51446092 2.40345459 0.59617711]\n",
      " [3.32805571 2.79711273 2.95004488 3.01266047 0.         0.88131215\n",
      "  1.00638458 1.59769081 1.72591626 1.93123787 1.05596724 1.01183751\n",
      "  3.0256277  1.77207578 0.61278218 2.42916651]\n",
      " [2.56086552 2.29372675 2.07361531 2.13304418 0.88131215 0.\n",
      "  0.3668064  1.22229303 0.86874334 1.54682784 0.23276087 0.337174\n",
      "  2.23295721 1.03841976 0.27049629 1.54788801]\n",
      " [2.32592536 1.94630052 2.0942069  2.07976697 1.00638458 0.3668064\n",
      "  0.         1.57735992 1.00006683 1.18060438 0.22026221 0.03823019\n",
      "  2.01942638 0.77017797 0.50832066 1.52966581]\n",
      " [3.29326593 3.37909796 2.12269699 2.3967406  1.59769081 1.22229303\n",
      "  1.57735992 0.         1.13959085 2.7301704  1.37966672 1.54265416\n",
      "  2.93435385 2.03247742 1.25995207 1.85362747]\n",
      " [2.15400452 2.34929485 1.23634536 1.37848475 1.72591626 0.86874334\n",
      "  1.00006683 1.13959085 0.         1.86656692 0.79959293 0.96461112\n",
      "  1.79539559 1.02711185 1.12003421 0.78636666]\n",
      " [1.80646697 0.88286116 2.4842834  2.26147972 1.93123787 1.54682784\n",
      "  1.18060438 2.7301704  1.86656692 0.         1.35501743 1.20973536\n",
      "  1.65084161 0.87688953 1.64897379 1.93734892]\n",
      " [2.33382116 2.0730919  1.94370169 1.96605014 1.05596724 0.23276087\n",
      "  0.22026221 1.37966672 0.79959293 1.35501743 0.         0.18203221\n",
      "  2.00982974 0.80568534 0.4724824  1.39476175]\n",
      " [2.32569404 1.96703465 2.0671102  2.05869952 1.01183751 0.337174\n",
      "  0.03823019 1.54265416 0.96461112 1.20973536 0.18203221 0.\n",
      "  2.01593104 0.77185516 0.4954108  1.50472404]\n",
      " [0.35950083 1.29813501 1.39924957 0.99669437 3.0256277  2.23295721\n",
      "  2.01942638 2.93435385 1.79539559 1.65084161 2.00982974 2.01593104\n",
      "  0.         1.25818275 2.48122557 1.17778207]\n",
      " [1.5563883  1.34870071 1.6620636  1.51446092 1.77207578 1.03841976\n",
      "  0.77017797 2.03247742 1.02711185 0.87688953 0.80568534 0.77185516\n",
      "  1.25818275 0.         1.25860761 1.09181065]\n",
      " [2.80204363 2.44774045 2.33800858 2.40345459 0.61278218 0.27049629\n",
      "  0.50832066 1.25995207 1.12003421 1.64897379 0.4724824  0.4954108\n",
      "  2.48122557 1.25860761 0.         1.81746132]\n",
      " [1.52805957 2.10970343 0.5798437  0.59617711 2.42916651 1.54788801\n",
      "  1.52966581 1.85362747 0.78636666 1.93734892 1.39476175 1.50472404\n",
      "  1.17778207 1.09181065 1.81746132 0.        ]]\n"
     ]
    }
   ],
   "source": [
    "w = np.zeros((n,n))\n",
    "for i in range(n):\n",
    "    for j in range(n):\n",
    "        if i == j:\n",
    "            pass\n",
    "        elif j > i: # upper right triangle\n",
    "            w[i][j] = la.norm(X[:, i] - X[:, j])\n",
    "        else:\n",
    "            w[i][j] = w[j][i]\n",
    "print(w)"
   ]
  },
  {
   "cell_type": "markdown",
   "metadata": {},
   "source": [
    "here we generate all possible of cluster result of all points and examine their cost"
   ]
  },
  {
   "cell_type": "code",
   "execution_count": 10,
   "metadata": {
    "collapsed": true
   },
   "outputs": [],
   "source": [
    "# Q = X^T X\n",
    "Q = np.dot(X.T, X)"
   ]
  },
  {
   "cell_type": "code",
   "execution_count": 11,
   "metadata": {},
   "outputs": [
    {
     "name": "stdout",
     "output_type": "stream",
     "text": [
      "minimum cost -211.37806088828444\n",
      "best cluster [ 1  1  1  1 -1 -1 -1 -1 -1  1 -1 -1  1  1 -1  1]\n"
     ]
    }
   ],
   "source": [
    "best_brute_force = 0\n",
    "for b in range(2**n):\n",
    "    # generate possible candidates\n",
    "    s = [int(t) for t in reversed(list(bin(b)[2:].zfill(n)))]\n",
    "    s = np.array(s)\n",
    "    # the cost function in paper labels vertex with 1 and -1\n",
    "    s[s == 0] = -1\n",
    "    \"\"\"\n",
    "    calculate cost: there are three part of it\n",
    "    first: sum Q[i][j] * s[i] * s[j]\n",
    "    second: sum Q[n][j] * s[j]\n",
    "    third: Q[n][n], constant, ignored\n",
    "    # first part\n",
    "    cost_1st_part = np.dot(np.dot(s, Q), s.T)\n",
    "    # second part\n",
    "    cost_2nd_part = 2 * np.dot(Q[n-1 ,:], s.T)\n",
    "    \n",
    "    cost = cost_1st_part + cost_2nd_part\n",
    "    \"\"\"\n",
    "    cost = np.dot(np.dot(s, Q), s.T)\n",
    "    # I did not time -1 for each cost, hence take max\n",
    "    if best_brute_force < cost:\n",
    "        best_brute_force = cost\n",
    "        s_best = s\n",
    "\n",
    "print('minimum cost', -1 * best_brute_force)\n",
    "print('best cluster', s_best)"
   ]
  },
  {
   "cell_type": "markdown",
   "metadata": {},
   "source": [
    "visualize cluster"
   ]
  },
  {
   "cell_type": "code",
   "execution_count": 12,
   "metadata": {},
   "outputs": [
    {
     "data": {
      "text/plain": [
       "<matplotlib.collections.PathCollection at 0x151c67ae10>"
      ]
     },
     "execution_count": 12,
     "metadata": {},
     "output_type": "execute_result"
    },
    {
     "data": {
      "image/png": "iVBORw0KGgoAAAANSUhEUgAAAYAAAAD8CAYAAAB+UHOxAAAABHNCSVQICAgIfAhkiAAAAAlwSFlz\nAAALEgAACxIB0t1+/AAAADl0RVh0U29mdHdhcmUAbWF0cGxvdGxpYiB2ZXJzaW9uIDIuMS4wLCBo\ndHRwOi8vbWF0cGxvdGxpYi5vcmcvpW3flQAAGFpJREFUeJzt3XuUVeV5x/HvM9wZvMJACDJFDa3a\nFWOaEYIaqxFToFaMCSnaFTBKp1pNVmpdKWvZ1Kw0l6aruRjRRJpayc0rRVGIRmMtXpbKUDGChDhx\nYSBgIEhU5oIM8/SP91DGmTMz53D27H32vL/PWmfNOftszvvsOcz5nf3ud7/b3B0REYlPTdYFiIhI\nNhQAIiKRUgCIiERKASAiEikFgIhIpBQAIiKRUgCIiERKASAiEikFgIhIpIZmXUBfxo0b51OmTMm6\nDBGR3Fi3bt3v3L2ulHWrOgCmTJlCU1NT1mWIiOSGmb1a6rrqAhIRiZQCQEQkUgoAEZFIKQBERCKl\nABARiVRVjwISkRJt2QKrVsGIEXDRRTBuXNYVSQ5oD0Ak7776VTj5ZLjuOvjsZ6G+HpYvz7oqyQEF\ngEierV8P//zP0N4ebi0t0NYGn/wk7NmTdXVS5RQAInn2ox/Bvn09lw8ZAg8+mH49kisKAJE8278f\n3Hsud4eOjvTrkVxRAIjk2bx5MGpUz+UHDsCcOenXI7miABDJszPOgMsvh9GjoaYGhg0LgfCNb8CE\nCVlXJ1VOw0BF8swMbroJFiyAFStg5EiYPx/+8A+zrkxyQAEgMhicfnq4iZRBXUAiIpFSAIiIREoB\nICISKR0DyJsdO+B734PNm+HMM8MZn2PGZF2ViOSQAiBPmprg3HPDCT7t7XDffWEemKYmGD8+6+pE\nJGfUBZQnCxfC3r3hwx/CvC+vvQaf/3y2dYlILikA8mL3bmhu7rl8//4w/ltEpEwKgLwYPrz354pN\nBSAi0o9EAsDMbjOznWa2oZfnzzGzN8xsfeH2T0m0G5Ujjgj9/0O7HbYZNQoaG7OpSURyLak9gNuB\nWf2s84S7n1a4fTGhduOybBm85z1h1M+YMeHDf+ZM+Nznsq5MRHIokVFA7r7GzKYk8VrShwkT4KWX\nYM0aePVVeP/74b3vzboqEcmpNIeBzjCzF4DtwHXuvjHFtgcPM/jTP826ChEZBNIKgP8F/sDd95rZ\nHOA+YGqxFc2sEWgEqK+vT6k8EZH4pDIKyN3fdPe9hfurgWFmNq6XdZe6e4O7N9TV1aVRnohIlFIJ\nADN7l5lZ4f60Qru702hbRESKS6QLyMzuAM4BxpnZNuAGYBiAu38X+DhwlZl1AG3AfPdiFzIVEZG0\nJDUK6JJ+nl8CLEmiLRERSYbOBBYRiZQCQEQkUgoAEZFIKQBERCKlABARiZQCQEQkUgqAwaq5GZ5/\nPlw+UkSkCAXAYLNlC7zvfXDqqWHSuPHj4f77s65KRKqQAmAw6eyE886DDRugrQ3eegv27IFLL4VN\nm7KuTkSqjAJgMHn6adi5MwRBV2+/Dbfckk1NIlK1FACDyWuvQU2Rt7SjA7ZuTb8eEalqCoDBZMaM\n8G2/u9GjYVZ/V+wUkdgoAAaTSZPgqqugtvbQspEjYfJkWLAgu7pEpCqleUlIScPXvw4f/CDcdBO8\n+SbMmwef+UzYCxAR6UIBMNiYwSc+EW4iIn1QF5CISKQUACIikVIAiIhESgEgItXh+edh0SKYMwdu\nvhlaWrKuaNDTQWARyd4Pfwh/8zfQ3h7OZP+f/wkj2dauhSOOyLq6QUt7ACKSrfZ2+Nu/hdbWQ9OY\ntLbCq69qCpMBlkgAmNltZrbTzDb08ryZ2bfNrNnMfm5mf5JEuyIyCKxfH4Yvd9feDsuXp19PRJLa\nA7gd6GuugdnA1MKtEfhOQu2KSN4ddVTv16045ph0a4lMIgHg7muA1/tYZS7wfQ+eAY42s4lJtC0i\nOXfSSTBlSs+JDGtr4dOfzqSkWKR1DGAS0HU6ym2FZT2YWaOZNZlZ065du1IpTkQyZAarVsHxx8OY\nMXDkkWEOq+uugwsuyLq6QS2tUUBFOvjwYiu6+1JgKUBDQ0PRdURkkJkyBV5+GZ59FnbtCvNZ1dVl\nXdWgl1YAbAMmd3l8HLA9pbZFJA/Mwge/pCatLqCVwILCaKAPAm+4+46U2hYRkSIS2QMwszuAc4Bx\nZrYNuAEYBuDu3wVWA3OAZqAV+FQS7YqIyOFLJADc/ZJ+nnfg6iTaEhGRZOhMYBGRSCkAREQipQAQ\nEYmUAkBEJFIKABGRSCkAREQipQAQEYmUAkBEJFIKABGRSCkAREQipQAQEYmUAkBEJFIKABGRSCkA\nREQipQAQEYmUAkBEJFIKABGRSCkAREQipQAQEYmUAkBEJFKJBICZzTKzzWbWbGaLizx/mZntMrP1\nhduiJNoVEZHDN7TSFzCzIcDNwPnANmCtma1095e6rXqXu19TaXsiIpKMigMAmAY0u/srAGZ2JzAX\n6B4AIgJw4ACsXg0PPADHHAOf+hScdFLWVUmEkgiAScDWLo+3AdOLrPcxMzsb+CXwd+6+tcg6mFkj\n0AhQX1+fQHkiVaSjA/78z+Hpp2HvXhg6FG66CW69FT75yayrk8gkcQzAiizzbo8fAKa4+6nAo8Cy\n3l7M3Ze6e4O7N9TV1SVQnkgVueceeOqp8OEPIRDa2uDKKw8tE0lJEgGwDZjc5fFxwPauK7j7bnff\nV3j478AHEmhXJH/uvBNaWnouHzoU1qxJvx6JWhIBsBaYambHm9lwYD6wsusKZjaxy8MLgU0JtHt4\n2tpg8WKYMAGOPRYuvxx++9vMypHIjB5dfLk7jByZbi0SvYoDwN07gGuAhwkf7He7+0Yz+6KZXVhY\n7TNmttHMXgA+A1xWabuHWSzMmgU33gg7d8KePfCDH8C0adDamklJEpm//muore25fMQIOPvs9OuR\nqJl79+766tHQ0OBNTU3JveCzz8J55/XcBa+thW9/O+wNiAy0f/xH+PrXYcgQqKkJPx96CKYXGzsh\nUh4zW+fuDaWsG9eZwOvXh72A7lpaQjiIpOFLX4Jf/hKWLIFly2DHDn34SyaSGAaaHyeeGL5xdTdq\nFJx8cvr1SLwmT4bLLsu6ColcXHsAH/4wTJwYRlwcZBb6XxcsyK4uEZEMxBUANTXwxBPwZ38Gw4aF\nIDj9dHjyyTAiSEQkInF1AUEY/vngg9DeHk7CGTMm64pERDIRXwAcpDHXIhK5uLqARETk/ykAREQi\npQAQEYmUAkBEJFIKABGRSCkAREQipQAQEYmUAkBEJFIKABGRSCkAREQiFe9UEIPJ/v1w333w+ONw\n3HFhmuGJE/v7VyISOQVA3rW2wllnwcsvw969YY6jL38ZfvIT+NCHsq5ORKqYuoDy7lvfgk2bwoc/\nhFlOW1rgkkugszPb2kSkqikA8u7HPw4f+t39/veweXP69YhIbiQSAGY2y8w2m1mzmS0u8vwIM7ur\n8PyzZjYliXaFcDWzYjo7YfjwdGsRkVypOADMbAhwMzAbOAW4xMxO6bbaFcAed38P8E3ga5W226u9\ne+HGG2HmzHCZx7VrB6ypqtDYCKNHv3OZGZxwQrgGsohIL5I4CDwNaHb3VwDM7E5gLvBSl3XmAl8o\n3L8XWGJm5u6eQPuHvPkmNDTAb34TDo7W1MDy5XDLLbBwYaJNVY1Fi+Cxx+CBB8LjoUPDRe6XL8+2\nLhGpekkEwCRga5fH24Dpva3j7h1m9gYwFvhdAu0fsmQJbN16qE+8szMEwTXXwF/+5eC8CtiQIXDX\nXfDzn8PTT4fhn7Nnq/tHRPqVRABYkWXdv9mXsk5Y0awRaASor68vr5IVK4ofEK2pgeefhxkzynu9\nPDn11HATESlREgeBtwGTuzw+Dtje2zpmNhQ4Cni92Iu5+1J3b3D3hrq6uvIqGTeu+PKODjj66PJe\nS0RkkEsiANYCU83seDMbDswHVnZbZyVwsBP+48Bjiff/A3z601Bb+85lNTXhgOjJJyfenIhInlUc\nAO7eAVwDPAxsAu52941m9kUzu7Cw2n8AY82sGbgW6DFUNBFz5sDixaGv/8gjYcwYmDoVVq0akOZE\n5JCtW+HWW+H222HPnqyrkVLYQHwRT0pDQ4M3NTWV/w9374bnnoO6OvjAB8KwSBEZMF/7GnzhC+FP\nraYmjL+44w6YOzfryuJjZuvcvaGUdQfnXEBjx4aRMCIyYF59Fa69FlavLj724tJLYft2OOqo9GuT\n0mgqCBEp2+9/D6efHiahLfbhD2FP4MEH061LyqMAEJGy3XZbOOm+r/kG3eHtt9OrScqnABCRsq1d\nC21tfa9z4EAYlyHVSwEgImV773t7P7F+yJAwG8m//RtMmJBuXVIeBYCIlG3RojARbdcBdsOGhQ/8\nxYth3Tq4+urs6pPSKABEpGzjx8NTT4XZVWpqwof/vHnwi1/Al76k8y7zQgEgErmHHoLp08NMKuee\nG+YULMUf/3EIgfb2cDzgRz/SjCt5owAQidi998LHPhbOm9y9Gx5/PFxKY82a0l9j2LDQ7y/5owAQ\niZR7OJGrtfWdy9va4LrrsqlJ0qUAEIlUW1s4U7eYDRvSrUWyoQAQidTIkT0nzz1o4sR0a5FsKABE\nIlVTE7p6ul9SevRo+Pzns6lJ0jU4J4MTkZJcf32YruGb3wxn7o4YEWb1vOyyrCuTNAzO6aBFpCxv\nvx1GAdXVwVB9Lcw1TQctImUZPlz9/jHSMQARkUgpAEREIqUuIMmt7dth+fIwFcEFF2j+GZFyKQAk\nl+64A664IpzNeuAA3HADfPaz8JWvZF3Z4LVvH6xcGS7+Pn06nHGGLreddxUFgJkdC9wFTAG2AJ9w\n9z1F1jsAvFh4+Gt3v7CSdiVur78ePvy7XpBk/3648Ua46CKYNi272gar5mY466wwbcS+fWH+n2nT\n4Cc/CUNHJZ8qPQawGPiZu08FflZ4XEybu59WuOnDXyqyenXxycfa2+HHP06/nhjMnw87d8Jbb4Uh\noy0t8Mwz8I1vZF2ZVKLSAJgLLCvcXwZcVOHrifSrr1NXqvi0ltx67bUwN1D3321bW7g2sORXpQEw\nwd13ABR+ju9lvZFm1mRmz5iZQkIqMmcOdHT0XD5yZPimKsk6cKD3vv5i74PkR78BYGaPmtmGIre5\nZbRTXzgz7VLgW2Z2Yh/tNRbComnXrl1lNCGxGDsWli4N150dMeLQNWivuipcoUqSNWkSHH98z+Uj\nR8Jf/VX69UhyKpoKwsw2A+e4+w4zmwg87u5/1M+/uR140N3v7e/1NRWE9GXrVrjnntD3/xd/ES5U\nLgNj/Xo455xwsL21FcaMgRNPhCefDPeleqQ5FcRKYCHwL4Wf9xcp5hig1d33mdk44EzgXytsV4TJ\nk8MFTWTgnXYabNkSDrJv2RKGgF5wwcDMG/TrX4d29uyBWbNC8Gi46cCodA9gLHA3UA/8Gpjn7q+b\nWQNwpbsvMrMzgFuBTkKX07fc/T9KeX3tAYjEZcWK0K3U2RlGG40eDeefHy5dqctOlqacPQDNBioi\nVaGtDcaPh71737m8thb+8z9h3rxs6sqbcgJAcwGJSFV44olwkZruWlrgBz9Iv54YKABEpCr0dTxh\n+PD06oiJAkBEqsJZZxXv56+thcsvT7+eGCgARKQqDB8O990XhpWOGRPOMxg1KlyecvbsrKsbnDQb\nqIhUjbPPht/8JgTBG2/AzJma5nsgKQBEpKoceSQsWJB1FXFQF5CISKQUACIikVIAiIhUgaeeCmdB\nn38+3HLLOy94NFB0DEBEJGNLlsA//EP40HeHp5+G7343XHRn9OiBa1d7ACIiGXrzTfjc58Isqwdn\n5mlthV/9Cm6/fWDbVgCIiGTomWfCNZa7a22F5csHtm0FgIhIho4+Osx+2p0Z1NUNbNsKABGRDJ1+\nepgFtfs1D0aNgquvHti2FQAiIhkyg4cegilTwhQYRx4ZpsH48pfhQx8a2LY1CkhEJGNTp4aDvs89\nF66ENmMGHHXUwLerABARqQJmMH16um2qC0hEJFIKABGRSCkAREQiVVEAmNk8M9toZp1m1utFiM1s\nlpltNrNmM1tcSZsiIpKMSvcANgAXA2t6W8HMhgA3A7OBU4BLzOyUCtsVEZEKVTQKyN03AVj3Mxje\naRrQ7O6vFNa9E5gLvFRJ2yIiUpk0jgFMArZ2ebytsExERDLU7x6AmT0KvKvIU9e7+/0ltFFs98D7\naK8RaASor68v4eVFRORw9BsA7j6zwja2AZO7PD4O2N5He0uBpQANDQ29BoWIiFQmjS6gtcBUMzve\nzIYD84GVKbQrIiJ9qHQY6EfNbBswA1hlZg8Xlr/bzFYDuHsHcA3wMLAJuNvdN1ZWtoiIVKrSUUAr\ngBVFlm8H5nR5vBpYXUlbIiKSLJ0JLCISKQWAiEikFAAiIpFSAIiIREoBICISKQWAiEikFAAiIpFS\nAIiIREoBICISKQWAiEikFAAiIpFSAIiIREoBICISKQWAiEikFAAiIpFSAIiIREoBICISKQWAiEik\nFAAiIpFSAIiIRKqiADCzeWa20cw6zayhj/W2mNmLZrbezJoqaVNERJIxtMJ/vwG4GLi1hHXPdfff\nVdieiIgkpKIAcPdNAGaWTDUiIpKatI4BOPBTM1tnZo0ptSkiIn3odw/AzB4F3lXkqevd/f4S2znT\n3beb2XjgETP7hbuv6aW9RqARoL6+vsSXF0nfrl3w05/CiBEwezbU1mZdkUh5+g0Ad59ZaSPuvr3w\nc6eZrQCmAUUDwN2XAksBGhoavNK2RQbCd74D114LQ4eCGXR2wn/9F3zkI1lXJlK6Ae8CMrNaMzvi\n4H3gI4SDxyK59NJL8Pd/D+3tsHcvvPUWtLTAxReH+yJ5Uekw0I+a2TZgBrDKzB4uLH+3ma0urDYB\neNLMXgCeA1a5+0OVtCuSpe9/H/bv77m8pgYeeCD9ekQOV6WjgFYAK4os3w7MKdx/BXhfJe2IVJOW\nFujo6Lm8sxPa2tKvR+Rw6UxgkTJdfHHxA74HDsCsWenXI3K4FAAiZTrnHJg791AI1NTA6NFwww0w\naVKmpYmUpdIzgUWiYwY//CE88gjcfTeMGgULF0JDr5OhiFQnBYDIYTALQz417FPyTF1AIiKRUgCI\niERKASAiEikFgIhIpBQAIiKRUgCIiETK3Kt3wk0z2wW8mkJT44DBdrUybVM+aJvyIU/b9AfuXlfK\nilUdAGkxsyZ3H1Sn8Wib8kHblA+DcZtAXUAiItFSAIiIREoBECzNuoABoG3KB21TPgzGbdIxABGR\nWGkPQEQkUlEGgJnNM7ONZtZpZr0e2TezLWb2opmtN7OmNGssVxnbNMvMNptZs5ktTrPGcpnZsWb2\niJm9XPh5TC/rHSi8R+vNbGXadZaiv9+7mY0ws7sKzz9rZlPSr7I8JWzTZWa2q8t7syiLOsthZreZ\n2U4zK3rdcgu+Xdjmn5vZn6RdY5KiDADCRekvBtaUsO657n5aDoaA9btNZjYEuBmYDZwCXGJmp6RT\n3mFZDPzM3acCPys8Lqat8B6d5u4XpldeaUr8vV8B7HH39wDfBL6WbpXlKeP/0l1d3pvvpVrk4bkd\n6Ou6brOBqYVbI/CdFGoaMFEGgLtvcvfNWdeRpBK3aRrQ7O6vuPvbwJ3A3IGv7rDNBZYV7i8DLsqw\nlkqU8nvvuq33AueZmaVYY7ny9n+pJO6+Bni9j1XmAt/34BngaDObmE51yYsyAMrgwE/NbJ2ZNWZd\nTAImAVu7PN5WWFatJrj7DoDCz/G9rDfSzJrM7Bkzq8aQKOX3/v/ruHsH8AYwNpXqDk+p/5c+Vugq\nudfMJqdT2oDK299QnwbtFcHM7FHgXUWeut7d7y/xZc509+1mNh54xMx+UfiGkIkEtqnYN8pMh4H1\ntU1lvEx94X06AXjMzF50918lU2EiSvm9V917049S6n0AuMPd95nZlYQ9nA8PeGUDK2/vU58GbQC4\n+8wEXmN74edOM1tB2O3NLAAS2KZtQNdvYccB2yt8zYr0tU1m9lszm+juOwq72Tt7eY2D79MrZvY4\n8H6gmgKglN/7wXW2mdlQ4Cj67orIWr/b5O67uzz8d6r8uEaJqu5vqBLqAuqFmdWa2REH7wMfIRxo\nzbO1wFQzO97MhgPzgaocNVOwElhYuL8Q6LGXY2bHmNmIwv1xwJnAS6lVWJpSfu9dt/XjwGNe3Sfp\n9LtN3frGLwQ2pVjfQFkJLCiMBvog8MbBbspccvfobsBHCUm+D/gt8HBh+buB1YX7JwAvFG4bCd0s\nmddeyTYVHs8Bfkn4hlzt2zSWMPrn5cLPYwvLG4DvFe6fAbxYeJ9eBK7Iuu5etqXH7x34InBh4f5I\n4B6gGXgOOCHrmhPYpq8W/nZeAP4bOCnrmkvYpjuAHcD+wt/TFcCVwJWF540w+ulXhf9vDVnXXMlN\nZwKLiERKXUAiIpFSAIiIREoBICISKQWAiEikFAAiIpFSAIiIREoBICISKQWAiEik/g9wXEWSwV04\nJQAAAABJRU5ErkJggg==\n",
      "text/plain": [
       "<matplotlib.figure.Figure at 0x151c5e6198>"
      ]
     },
     "metadata": {},
     "output_type": "display_data"
    }
   ],
   "source": [
    "# generate color sequence\n",
    "colors = []\n",
    "for i in range(n):\n",
    "    if s_best[i] == 1:\n",
    "        colors.append('r')\n",
    "    else:\n",
    "        colors.append('b')\n",
    "\n",
    "plt.scatter(X[0], X[1], \n",
    "            c = colors, \n",
    "            marker = 'o')"
   ]
  },
  {
   "cell_type": "markdown",
   "metadata": {},
   "source": [
    "The possible clusters might be splitted by line y = 0 or x = 0 \n",
    "because of the way I generated the data. This is consistent with what is introduced in papar."
   ]
  },
  {
   "cell_type": "code",
   "execution_count": null,
   "metadata": {
    "collapsed": true
   },
   "outputs": [],
   "source": []
  }
 ],
 "metadata": {
  "kernelspec": {
   "display_name": "Python 3",
   "language": "python",
   "name": "python3"
  },
  "language_info": {
   "codemirror_mode": {
    "name": "ipython",
    "version": 3
   },
   "file_extension": ".py",
   "mimetype": "text/x-python",
   "name": "python",
   "nbconvert_exporter": "python",
   "pygments_lexer": "ipython3",
   "version": "3.6.3"
  }
 },
 "nbformat": 4,
 "nbformat_minor": 2
}
